0
200
Вітаємо на АЗС OKOIL. Гарантована якість палива. Постійно працює система знижок.
4294967295
44
92
92
92
92
34
34
34
34
4293525504
4293525504
4293525504
4293525504
4278190080
4278190080
4278190080
4278190080
4294967295
69
92
92
92
92
34
34
34
34
4293525504
4293525504
4293525504
4293525504
4278190080
4278190080
4278190080
4278190080
4294967295
69
92
92
92
92
34
34
34
34
4293525504
4293525504
4293525504
4293525504
4278190080
4278190080
4278190080
4278190080
4294967295
69
92
92
92
92
34
34
34
34
4293525504
4293525504
4293525504
4293525504
4278190080
4278190080
4278190080
4278190080
4294967295
69
92
92
92
92
34
34
34
34
4293525504
4293525504
4293525504
4293525504
4278190080
4278190080
4278190080
4278190080
4294967295
69
