-95;0;0;21.4
-95;10;0;19.7
-95;20;0;19.6
-95;30;0;19.5
-95;40;0;19.4
-95;50;0;19.3
-95;60;0;19.2
-95;70;0;19.1
 ×גנמ;0;0;25.5
 ×גנמ;10;0;19.6
 ×גנמ;100;0;19.5
 ×גנמ;200;0;20.8
 ×גנמ;300;0;19.3
 ×גנמ;400;0;19.2
 ×גנמ;500;0;19.1
 ×גנמ;600;0;19.0
;0;0;19.9
;20;0;19.7
;30;0;19.6
;40;0;19.5
;50;0;19.4
;60;0;19.3
;70;0;19.2
;80;0;19.1
-92;0;50;20.2
-92;10;50;20.1
-92;300;120;18.55
-92;400;120;18.45
-92;500;50;18.35
-92;600;50;18.22
-92;700;120;18.1
-92;800;120;18.0
-95 bomba;0;0;21.9
-95 bomba;10;0;21.8
-95 bomba;20;0;21.7
-95 bomba;30;0;21.6
-95 bomba;40;0;21.5
-95 bomba;50;0;21.4
-95 bomba;60;0;21.3
-95 bomba;70;0;21.2